1751108470058 92.69 0 17463fce9260432f9c1214d9268ae09c
1751108471698 94.06 0 17463fce9260432f9c1214d9268ae09c
1751108473582 94.81 0 17463fce9260432f9c1214d9268ae09c
1751108475302 95.38 0 17463fce9260432f9c1214d9268ae09c
1751108477247 95.66 0 17463fce9260432f9c1214d9268ae09c
1751108479080 95.83 0 17463fce9260432f9c1214d9268ae09c
1751108481322 96.28 0 17463fce9260432f9c1214d9268ae09c
1751108485150 96.37 0 17463fce9260432f9c1214d9268ae09c
1751108486846 96.56 0 17463fce9260432f9c1214d9268ae09c
1751108488736 96.58 0 17463fce9260432f9c1214d9268ae09c
1751108490411 96.68 0 17463fce9260432f9c1214d9268ae09c
1751108493973 96.9 0 17463fce9260432f9c1214d9268ae09c
1751108495874 96.91 0 17463fce9260432f9c1214d9268ae09c
