1751108470058 92.69 0
1751108471698 94.06 0
1751108473582 94.81 0
1751108475302 95.38 0
1751108477247 95.66 0
1751108479080 95.83 0
1751108481322 96.28 0
1751108485150 96.37 0
1751108486846 96.56 0
1751108488736 96.58 0
1751108490411 96.68 0
1751108493973 96.9 0
1751108495874 96.91 0
1751108470058 92.69 0
1751108471698 94.06 0
1751108473582 94.81 0
1751108475302 95.38 0
1751108477247 95.66 0
1751108479080 95.83 0
1751108481322 96.28 0
1751108485150 96.37 0
1751108486846 96.56 0
1751108488736 96.58 0
1751108490411 96.68 0
1751108493973 96.9 0
1751108495874 96.91 0
