1751108470024 0.5540743051057166 1
1751108471658 0.2970377662714492 2
1751108473538 0.25466410543056245 3
1751108475263 0.22391759410817572 4
1751108477215 0.20691924145881166 5
1751108479046 0.19309620920647966 6
1751108481287 0.182231875049307 7
1751108483075 0.17167976653956352 8
1751108485120 0.16541908795529223 9
1751108486804 0.158575077037862 10
1751108488695 0.1525061881288569 11
1751108490368 0.14791361749806303 12
1751108492241 0.14531689046862278 13
1751108493936 0.13839909557966476 14
1751108495837 0.1351514292841262 15
