1751108468418 3.2882418632507324 235
1751108469601 0.2834780812263489 435
1751108470069 0.3462914526462555 470
1751108471234 0.36207935214042664 670
1751108471879 0.27239567041397095 705
1751108473085 0.2591128349304199 905
1751108473593 0.207789346575737 940
1751108474818 0.2427091747522354 1140
1751108475500 0.25115111470222473 1175
1751108476744 0.16759316623210907 1375
1751108477267 0.16173942387104034 1410
1751108478466 0.2052375078201294 1610
1751108479262 0.2051466554403305 1645
1751108480757 0.1428363174200058 1845
1751108481339 0.15404121577739716 1880
1751108482636 0.15349937975406647 2080
1751108483289 0.15276774764060974 2115
1751108484653 0.14451682567596436 2315
1751108485165 0.1549772471189499 2350
1751108486367 0.1549111306667328 2550
1751108487033 0.11827168613672256 2585
1751108488259 0.1422436535358429 2785
1751108488751 0.12895996868610382 2820
1751108489934 0.13711771368980408 3020
1751108490591 0.21059826016426086 3055
1751108491799 0.15136286616325378 3255
1751108492292 0.11803106218576431 3290
1751108493493 0.10827185958623886 3490
1751108494153 0.16419991850852966 3525
1751108495359 0.1633620262145996 3725
