1751108468440 4.6875 235
1751108469611 82.04096703980099 435
1751108470077 91.015625 470
1751108471244 91.0214552238806 670
1751108471887 92.578125 705
1751108473099 92.41876554726367 905
1751108473601 93.359375 940
1751108474829 93.33216728855722 1140
1751108475509 91.796875 1175
1751108476756 93.69169776119404 1375
1751108477275 95.703125 1410
1751108478482 94.17366293532338 1610
1751108479268 94.921875 1645
1751108480767 94.57594838308458 1845
1751108481349 96.09375 1880
1751108482644 94.9277052238806 2080
1751108483305 96.484375 2115
1751108484665 95.04430970149254 2315
1751108485174 95.703125 2350
1751108486376 95.20755597014926 2550
1751108487040 96.09375 2585
1751108488272 95.39023631840796 2785
1751108488758 95.3125 2820
1751108489945 95.47768967661692 3020
1751108490603 94.140625 3055
1751108491815 95.58846393034825 3255
1751108492301 95.703125 3290
1751108493508 95.82555970149254 3490
1751108494162 95.703125 3525
1751108495376 95.82750310945273 3725
